P2
24 15
255
99 13 11 15 35 92 46 26 14 22 12 65 68 77 78 7 48 46 41 29 39 32 7 55 
64 95 63 18 71 93 18 54 59 49 52 39 76 62 68 57 89 34 17 18 29 75 6 87 
98 100 23 56 54 89 22 16 56 70 8 92 87 85 26 89 74 58 28 23 86 22 58 41 
49 71 35 75 26 54 96 31 42 73 83 57 41 58 100 62 54 74 24 23 38 31 80 23 
1 29 26 79 96 51 7 88 67 8 60 40 49 53 66 11 74 65 10 38 26 98 49 60 
74 30 36 51 81 22 78 39 62 67 100 81 64 7 99 34 56 14 8 43 63 64 71 67 
31 30 15 15 34 82 6 55 2 49 97 83 9 15 40 55 92 86 36 40 47 64 94 21 
66 51 44 30 100 87 5 39 85 100 78 72 59 24 14 33 98 31 44 84 9 85 85 99 
55 2 85 61 90 40 20 24 16 52 8 23 43 29 26 19 97 50 48 36 92 62 3 46 
70 95 22 44 51 85 23 55 84 41 14 69 15 17 94 84 78 93 77 45 93 48 55 79 
51 93 61 20 93 57 47 56 47 47 23 3 79 42 27 87 94 13 2 4 46 71 15 36 
74 11 18 74 80 70 69 66 98 45 80 46 55 5 62 98 94 59 95 14 57 79 15 65 
2 13 28 7 55 63 40 41 10 26 18 82 11 40 76 75 49 74 38 19 28 65 76 18 
94 69 55 68 52 36 99 69 60 72 62 72 73 183 65 49 96 7 44 69 47 5 183 37 
86 1 67 4 83 11 66 84 58 5 96 37 41 46 84 66 45 21 8 29 35 10 18 20 
